 -----------------------------------
| 7   8   5 | 3   6   2 | 1   4   9 | 
|           |           |           |
| 3   4   6 | 9   1   7 | 8   5   2 | 
|           |           |           |
| 2   1   9 | 5   4   8 | 7   3   6 | 
 -----------------------------------
| 8   2   1 | 4   5   9 | 3   6   7 | 
|           |           |           |
| 4   9   3 | 6   7   1 | 2   8   5 | 
|           |           |           |
| 6   5   7 | 8   2   3 | 9   1   4 | 
 -----------------------------------
| 5   3   2 | 1   9   6 | 4   7   8 | 
|           |           |           |
| 9   6   8 | 7   3   4 | 5   2   1 | 
|           |           |           |
| 1   7   4 | 2   8   5 | 6   9   3 | 
 -----------------------------------